P0AEK2;;ERRO;;ERRO;;0.0;;0.0;;0.0;;0.0;;0.0;;0.0;;0.0
P20839;;ERRO;;ERRO;;0.0;;0.0;;0.0;;0.0;;0.0;;0.0;;0.0
P12268;;ERRO;;ERRO;;0.0;;0.0;;0.0;;0.0;;0.0;;0.0;;0.0
P20839;;ERRO;;ERRO;;0.0;;0.0;;0.0;;0.0;;0.0;;0.0;;0.0
P0C0H6;;ERRO;;ERRO;;0.0;;0.0;;0.0;;0.0;;0.0;;0.0;;0.0
P06988;;ERRO;;ERRO;;0.0;;0.0;;0.0;;0.0;;0.0;;0.0;;0.0
P15770;;ERRO;;ERRO;;0.0;;0.0;;0.0;;0.0;;0.0;;0.0;;0.0
P43876;;ERRO;;ERRO;;0.0;;0.0;;0.0;;0.0;;0.0;;0.0;;0.0
P45568;;ERRO;;ERRO;;0.0;;0.0;;0.0;;0.0;;0.0;;0.0;;0.0
Q56268;;ERRO;;ERRO;;0.0;;0.0;;0.0;;0.0;;0.0;;0.0;;0.0
P04036;;ERRO;;ERRO;;0.0;;0.0;;0.0;;0.0;;0.0;;0.0;;0.0
P9WP23;;ERRO;;ERRO;;0.0;;0.0;;0.0;;0.0;;0.0;;0.0;;0.0
Q9X1K8;;ERRO;;ERRO;;0.0;;0.0;;0.0;;0.0;;0.0;;0.0;;0.0
P44801;;ERRO;;ERRO;;0.0;;0.0;;0.0;;0.0;;0.0;;0.0;;0.0
P30038;;ERRO;;ERRO;;0.0;;0.0;;0.0;;0.0;;0.0;;0.0;;0.0
P08373;;ERRO;;ERRO;;0.0;;0.0;;0.0;;0.0;;0.0;;0.0;;0.0
P61432;;ERRO;;ERRO;;0.0;;0.0;;0.0;;0.0;;0.0;;0.0;;0.0
P0AEZ1;;ERRO;;ERRO;;0.0;;0.0;;0.0;;0.0;;0.0;;0.0;;0.0
P42898;;ERRO;;ERRO;;0.0;;0.0;;0.0;;0.0;;0.0;;0.0;;0.0
Q9RA47;;ERRO;;ERRO;;0.0;;0.0;;0.0;;0.0;;0.0;;0.0;;0.0
A0A0M3KKX1;;ERRO;;ERRO;;0.0;;0.0;;0.0;;0.0;;0.0;;0.0;;0.0
Q86XF0;;ERRO;;ERRO;;0.0;;0.0;;0.0;;0.0;;0.0;;0.0;;0.0
Q81R22;;ERRO;;ERRO;;0.0;;0.0;;0.0;;0.0;;0.0;;0.0;;0.0
P0ABQ4;;ERRO;;ERRO;;0.0;;0.0;;0.0;;0.0;;0.0;;0.0;;0.0
P00374;;ERRO;;ERRO;;0.0;;0.0;;0.0;;0.0;;0.0;;0.0;;0.0
P00381;;ERRO;;ERRO;;0.0;;0.0;;0.0;;0.0;;0.0;;0.0;;0.0
P9WNX1;;ERRO;;ERRO;;0.0;;0.0;;0.0;;0.0;;0.0;;0.0;;0.0
P16184;;ERRO;;ERRO;;0.0;;0.0;;0.0;;0.0;;0.0;;0.0;;0.0
P0A017;;ERRO;;ERRO;;0.0;;0.0;;0.0;;0.0;;0.0;;0.0;;0.0
P22906;;ERRO;;ERRO;;0.0;;0.0;;0.0;;0.0;;0.0;;0.0;;0.0
O43272;;ERRO;;ERRO;;0.0;;0.0;;0.0;;0.0;;0.0;;0.0;;0.0
Q2RJ67;;ERRO;;ERRO;;0.0;;0.0;;0.0;;0.0;;0.0;;0.0;;0.0
P13009;;ERRO;;ERRO;;0.0;;0.0;;0.0;;0.0;;0.0;;0.0;;0.0
Q99707;;ERRO;;ERRO;;0.0;;0.0;;0.0;;0.0;;0.0;;0.0;;0.0
P0CI79;;ERRO;;ERRO;;0.0;;0.0;;0.0;;0.0;;0.0;;0.0;;0.0
P0A884;;ERRO;;ERRO;;0.0;;0.0;;0.0;;0.0;;0.0;;0.0;;0.0
P04818;;ERRO;;ERRO;;0.0;;0.0;;0.0;;0.0;;0.0;;0.0;;0.0
P00469;;ERRO;;ERRO;;0.0;;0.0;;0.0;;0.0;;0.0;;0.0;;0.0
