P0AEK2;;ERRO;;ERRO;;0.0;;0.0;;0.0;;0.0;;0.0;;0.0;;0.0
P20839;;ERRO;;ERRO;;0.0;;0.0;;0.0;;0.0;;0.0;;0.0;;0.0
P12268;;ERRO;;ERRO;;0.0;;0.0;;0.0;;0.0;;0.0;;0.0;;0.0
P20839;;ERRO;;ERRO;;0.0;;0.0;;0.0;;0.0;;0.0;;0.0;;0.0
P0C0H6;;ERRO;;ERRO;;0.0;;0.0;;0.0;;0.0;;0.0;;0.0;;0.0
P06988;;ERRO;;ERRO;;0.0;;0.0;;0.0;;0.0;;0.0;;0.0;;0.0
P15770;;ERRO;;ERRO;;0.0;;0.0;;0.0;;0.0;;0.0;;0.0;;0.0
P43876;;ERRO;;ERRO;;0.0;;0.0;;0.0;;0.0;;0.0;;0.0;;0.0
P45568;;ERRO;;ERRO;;0.0;;0.0;;0.0;;0.0;;0.0;;0.0;;0.0
Q56268;;ERRO;;ERRO;;0.0;;0.0;;0.0;;0.0;;0.0;;0.0;;0.0
P04036;;ERRO;;ERRO;;0.0;;0.0;;0.0;;0.0;;0.0;;0.0;;0.0
P9WP23;;ERRO;;ERRO;;0.0;;0.0;;0.0;;0.0;;0.0;;0.0;;0.0
Q9X1K8;;ERRO;;ERRO;;0.0;;0.0;;0.0;;0.0;;0.0;;0.0;;0.0
P44801;;ERRO;;ERRO;;0.0;;0.0;;0.0;;0.0;;0.0;;0.0;;0.0
P30038;;ERRO;;ERRO;;0.0;;0.0;;0.0;;0.0;;0.0;;0.0;;0.0
P08373;;ERRO;;ERRO;;0.0;;0.0;;0.0;;0.0;;0.0;;0.0;;0.0
P61432;;ERRO;;ERRO;;0.0;;0.0;;0.0;;0.0;;0.0;;0.0;;0.0
P0AEZ1;;ERRO;;ERRO;;0.0;;0.0;;0.0;;0.0;;0.0;;0.0;;0.0
P42898;;ERRO;;ERRO;;0.0;;0.0;;0.0;;0.0;;0.0;;0.0;;0.0
Q9RA47;;ERRO;;ERRO;;0.0;;0.0;;0.0;;0.0;;0.0;;0.0;;0.0
A0A0M3KKX1;;ERRO;;ERRO;;0.0;;0.0;;0.0;;0.0;;0.0;;0.0;;0.0
Q86XF0;;ERRO;;ERRO;;0.0;;0.0;;0.0;;0.0;;0.0;;0.0;;0.0
Q81R22;;ERRO;;ERRO;;0.0;;0.0;;0.0;;0.0;;0.0;;0.0;;0.0
P0ABQ4;;ERRO;;ERRO;;0.0;;0.0;;0.0;;0.0;;0.0;;0.0;;0.0
P00374;;ERRO;;ERRO;;0.0;;0.0;;0.0;;0.0;;0.0;;0.0;;0.0
P00381;;ERRO;;ERRO;;0.0;;0.0;;0.0;;0.0;;0.0;;0.0;;0.0
P9WNX1;;ERRO;;ERRO;;0.0;;0.0;;0.0;;0.0;;0.0;;0.0;;0.0
P16184;;ERRO;;ERRO;;0.0;;0.0;;0.0;;0.0;;0.0;;0.0;;0.0
P0A017;;ERRO;;ERRO;;0.0;;0.0;;0.0;;0.0;;0.0;;0.0;;0.0
P22906;;ERRO;;ERRO;;0.0;;0.0;;0.0;;0.0;;0.0;;0.0;;0.0
O43272;;ERRO;;ERRO;;0.0;;0.0;;0.0;;0.0;;0.0;;0.0;;0.0
Q2RJ67;;ERRO;;ERRO;;0.0;;0.0;;0.0;;0.0;;0.0;;0.0;;0.0
P13009;;ERRO;;ERRO;;0.0;;0.0;;0.0;;0.0;;0.0;;0.0;;0.0
Q99707;;ERRO;;ERRO;;0.0;;0.0;;0.0;;0.0;;0.0;;0.0;;0.0
P0CI79;;ERRO;;ERRO;;0.0;;0.0;;0.0;;0.0;;0.0;;0.0;;0.0
P0A884;;ERRO;;ERRO;;0.0;;0.0;;0.0;;0.0;;0.0;;0.0;;0.0
P04818;;ERRO;;ERRO;;0.0;;0.0;;0.0;;0.0;;0.0;;0.0;;0.0
P00469;;ERRO;;ERRO;;0.0;;0.0;;0.0;;0.0;;0.0;;0.0;;0.0
P13100;;ERRO;;ERRO;;0.0;;0.0;;0.0;;0.0;;0.0;;0.0;;0.0
P12461;;ERRO;;ERRO;;0.0;;0.0;;0.0;;0.0;;0.0;;0.0;;0.0
Q9X0X6;;ERRO;;ERRO;;0.0;;0.0;;0.0;;0.0;;0.0;;0.0;;0.0
P0A786;;ERRO;;ERRO;;0.0;;0.0;;0.0;;0.0;;0.0;;0.0;;0.0
P0A789;;ERRO;;ERRO;;0.0;;0.0;;0.0;;0.0;;0.0;;0.0;;0.0
P27302;;ERRO;;ERRO;;0.0;;0.0;;0.0;;0.0;;0.0;;0.0;;0.0
Q81Y15;;ERRO;;ERRO;;0.0;;0.0;;0.0;;0.0;;0.0;;0.0;;0.0
P29401;;ERRO;;ERRO;;0.0;;0.0;;0.0;;0.0;;0.0;;0.0;;0.0
P27696;;ERRO;;ERRO;;0.0;;0.0;;0.0;;0.0;;0.0;;0.0;;0.0
P56220;;ERRO;;ERRO;;0.0;;0.0;;0.0;;0.0;;0.0;;0.0;;0.0
O25927;;ERRO;;ERRO;;0.0;;0.0;;0.0;;0.0;;0.0;;0.0;;0.0
Q820T1;;ERRO;;ERRO;;0.0;;0.0;;0.0;;0.0;;0.0;;0.0;;0.0
P0A6R0;;ERRO;;ERRO;;0.0;;0.0;;0.0;;0.0;;0.0;;0.0;;0.0
P9WNG3;;ERRO;;ERRO;;0.0;;0.0;;0.0;;0.0;;0.0;;0.0;;0.0
Q9F6D4;;ERRO;;ERRO;;0.0;;0.0;;0.0;;0.0;;0.0;;0.0;;0.0
Q8IVS2;;ERRO;;ERRO;;0.0;;0.0;;0.0;;0.0;;0.0;;0.0;;0.0
P0A953;;ERRO;;ERRO;;0.0;;0.0;;0.0;;0.0;;0.0;;0.0;;0.0
P9WQD9;;ERRO;;ERRO;;0.0;;0.0;;0.0;;0.0;;0.0;;0.0;;0.0
P17443;;ERRO;;ERRO;;0.0;;0.0;;0.0;;0.0;;0.0;;0.0;;0.0
P08870;;ERRO;;ERRO;;0.0;;0.0;;0.0;;0.0;;0.0;;0.0;;0.0
P00497;;ERRO;;ERRO;;0.0;;0.0;;0.0;;0.0;;0.0;;0.0;;0.0
P0AG16;;ERRO;;ERRO;;0.0;;0.0;;0.0;;0.0;;0.0;;0.0;;0.0
Q06203;;ERRO;;ERRO;;0.0;;0.0;;0.0;;0.0;;0.0;;0.0;;0.0
P60757;;ERRO;;ERRO;;0.0;;0.0;;0.0;;0.0;;0.0;;0.0;;0.0
Q8VP84;;ERRO;;ERRO;;0.0;;0.0;;0.0;;0.0;;0.0;;0.0;;0.0
P22939;;ERRO;;ERRO;;0.0;;0.0;;0.0;;0.0;;0.0;;0.0;;0.0
P14324;;ERRO;;ERRO;;0.0;;0.0;;0.0;;0.0;;0.0;;0.0;;0.0
